32 23 45 67 2 5 7 9
12 45 68 73 83 24 1
12 27 51 34 22 14 31
22 34 44 64 44 12 76
32 23 45 67 2 5 7 9
12 45 68 73 83 24 1
12 27 51 34 22 14 31
22 34 44 64 44 12 76
32 23 45 67 2 5 7 9
12 45 68 73 83 24 1
12 27 51 34 22 14 31
22 34 44 64 44 12 76
32 23 45 67 2 5 7 9
12 45 68 73 83 24 1
12 27 51 34 22 14 31
22 34 44 64 44 12 76
32 23 45 67 2 5 7 9
12 45 68 73 83 24 1
12 27 51 34 22 14 31
22 34 44 64 44 12 76
32 23 45 67 2 5 7 9
12 45 68 73 83 24 1
12 27 51 34 22 14 31
22 34 44 64 44 12 76
32 23 45 67 2 5 7 9
12 45 68 73 83 24 1
12 27 51 34 22 14 31
22 34 44 64 44 12 76